      Architecture       MeanTrain    StdTrain    MeanValidation    StdValidation    MeanTest    StdTest 
    _________________    _________    ________    ______________    _____________    ________    ________

    {'[400 300 200]'}     0.97627     0.030805       0.88403          0.032154       0.86458      0.03525
    {'[400 300]'    }     0.96478     0.042801       0.87347           0.04748       0.86236     0.037032
    {'[500 400 300]'}     0.96839     0.030119       0.87194          0.038015       0.85958     0.037862
    {'[300 200 100]'}     0.96561     0.031667         0.875          0.035604        0.8575      0.04023
    {'[300 200]'    }     0.95185     0.056357       0.86222          0.050941       0.85181     0.045605
    {'[200 150 100]'}     0.95155     0.053305       0.85042          0.050042       0.84972      0.04524
    {'[150 100]'    }     0.95382     0.044715       0.86181           0.04318       0.84625     0.037437
    {'[200 150]'    }     0.94045     0.057071       0.85806          0.049148       0.84097     0.049687
    {'[95 47]'      }     0.94454     0.050879       0.84611          0.052577       0.83903     0.055141
    {'[96 72]'      }     0.93546     0.057054       0.84764          0.057581       0.83778     0.052076
    {'97'           }     0.91707     0.076402       0.83944          0.061917        0.8325     0.063719
    {'200'          }     0.93263     0.063637       0.85639          0.049133       0.83167     0.057309
    {'[95 70]'      }     0.93699     0.060585       0.84375          0.052762       0.83069     0.049442
    {'[94 47]'      }     0.94272     0.049273        0.8475          0.053717       0.82833     0.044212
    {'96'           }     0.92609     0.067579       0.84833          0.057614       0.82694     0.068385
    {'[96 48]'      }      0.9357     0.047358       0.83708          0.048868       0.82681     0.049213
    {'[100 50]'     }     0.92797     0.058646       0.84139          0.054489       0.82653     0.049988
    {'[90 60]'      }     0.93379     0.051781       0.83944          0.046376       0.82583     0.048211
    {'400'          }     0.92024      0.06886       0.84653          0.062982       0.82569     0.053115
    {'95'           }     0.91051     0.079306       0.82861          0.066453       0.82361      0.06162
    {'150'          }      0.9229     0.071735       0.83764          0.056746       0.82278     0.058308
    {'100'          }     0.91961     0.076218       0.84431          0.058137       0.82028     0.067411
    {'[90 45]'      }     0.92122     0.070563       0.82778          0.062712       0.81931     0.054563
    {'[95 65 32]'   }     0.92075     0.063279       0.82069          0.059848       0.81917     0.053937
    {'[95 63 31]'   }     0.93113     0.045079       0.83444          0.039117       0.81847     0.041501
    {'90'           }     0.92215     0.059345       0.83361          0.057093       0.81806     0.046806
    {'[100 70 40]'  }     0.92931     0.061542       0.83597          0.045976       0.81778     0.048673
    {'94'           }     0.91379     0.081002       0.82542          0.067417       0.81667     0.068157
    {'300'          }     0.90803     0.092341        0.8325          0.059103       0.81111     0.069798
    {'[96 66 33]'   }     0.91594     0.060539       0.81861          0.064395       0.81028      0.04484
    {'[94 62 30]'   }     0.91361     0.067917       0.82903          0.062254       0.80764     0.063851
    {'[90 60 30]'   }     0.91158     0.060097       0.82764          0.048045       0.80236     0.053777
    {'[96 64 32]'   }     0.89719     0.080446       0.81278          0.058405       0.79639     0.052896
    {'15'           }     0.80743     0.071381       0.75972          0.065265       0.74583     0.059689
    {'[15 10]'      }     0.80609     0.064897       0.76847          0.051503       0.74111     0.055361
    {'10'           }     0.77713     0.059742       0.74583          0.060051       0.73472     0.052738
    {'[10 5]'       }     0.75242     0.062568       0.73167          0.059767       0.71153     0.056246
    {'5'            }     0.69722     0.048591       0.69444          0.051625       0.68458     0.042788
    {'[5 3]'        }     0.69343     0.044517       0.68097          0.048992       0.67903     0.042538
